0	3.953	8.802
1	3.293	19.130
2	2.789	28.466
3	2.431	35.578
4	2.152	41.492
5	1.915	46.964
6	1.751	50.898
7	1.622	54.006
8	1.509	56.832
9	1.406	59.406
10	1.337	61.230
11	1.266	62.992
12	1.204	64.572
13	1.149	66.218
14	1.091	67.742
15	1.045	68.766
16	0.996	70.208
17	0.962	71.172
18	0.920	72.272
19	0.888	73.112
20	0.864	73.748
21	0.833	74.594
22	0.802	75.540
23	0.779	76.144
24	0.754	76.696
25	0.723	77.748
26	0.703	78.078
27	0.695	78.418
28	0.670	78.970
29	0.651	79.412
30	0.642	79.764
31	0.615	80.724
32	0.615	80.504
33	0.576	81.630
34	0.580	81.634
35	0.549	82.684
36	0.542	82.830
37	0.542	82.704
38	0.522	83.328
39	0.509	83.596
40	0.497	84.118
41	0.513	83.550
42	0.497	84.380
43	0.481	84.578
44	0.483	84.536
45	0.446	85.680
46	0.460	85.226
47	0.451	85.772
48	0.456	85.344
49	0.426	86.208
50	0.438	85.998
51	0.426	86.206
52	0.432	86.062
53	0.415	86.666
54	0.413	86.636
55	0.402	87.048
56	0.396	87.332
57	0.395	87.300
58	0.397	87.188
59	0.391	87.416
60	0.384	87.640
61	0.375	87.926
62	0.392	87.396
63	0.382	87.794
64	0.373	88.056
65	0.376	87.908
66	0.368	88.198
67	0.381	87.798
68	0.360	88.544
69	0.363	88.330
70	0.172	95.034
71	0.091	97.830
72	0.073	98.336
73	0.060	98.740
74	0.052	98.980
75	0.047	99.066
76	0.043	99.170
77	0.038	99.354
78	0.035	99.400
79	0.033	99.452
80	0.031	99.490
81	0.028	99.604
82	0.027	99.604
83	0.026	99.644
84	0.024	99.702
85	0.024	99.662
86	0.024	99.678
87	0.022	99.768
88	0.021	99.742
89	0.021	99.766
90	0.019	99.834
91	0.018	99.830
92	0.018	99.820
93	0.017	99.826
94	0.017	99.820
95	0.017	99.864
96	0.017	99.852
97	0.016	99.832
98	0.016	99.852
99	0.016	99.874
100	0.015	99.870
101	0.015	99.862
102	0.015	99.882
103	0.015	99.902
104	0.014	99.892
105	0.014	99.904
106	0.013	99.898
107	0.013	99.912
108	0.013	99.900
109	0.013	99.924
110	0.012	99.934
111	0.012	99.938
112	0.013	99.926
113	0.012	99.912
114	0.013	99.930
115	0.012	99.924
116	0.012	99.918
117	0.012	99.910
118	0.012	99.942
119	0.012	99.932
120	0.012	99.924
121	0.012	99.940
122	0.012	99.932
123	0.012	99.942
124	0.012	99.932
125	0.012	99.936
126	0.012	99.930
127	0.011	99.934
128	0.012	99.944
129	0.011	99.948
130	0.011	99.952
131	0.011	99.950
132	0.011	99.940
133	0.011	99.954
134	0.011	99.950
135	0.011	99.942
136	0.011	99.950
137	0.010	99.956
138	0.011	99.946
139	0.011	99.950
140	0.010	99.952
141	0.010	99.964
142	0.010	99.956
143	0.010	99.954
144	0.010	99.962
145	0.010	99.962
146	0.010	99.960
147	0.010	99.954
148	0.010	99.966
149	0.009	99.978
150	0.009	99.968
151	0.009	99.964
152	0.010	99.962
153	0.010	99.964
154	0.010	99.970
155	0.010	99.962
156	0.010	99.964
157	0.010	99.958
158	0.009	99.964
159	0.010	99.952
160	0.010	99.960
161	0.010	99.960
162	0.010	99.958
163	0.010	99.966
164	0.009	99.974
165	0.010	99.956
166	0.010	99.966
167	0.009	99.970
168	0.010	99.952
169	0.009	99.962
170	0.009	99.968
171	0.009	99.976
172	0.009	99.976
173	0.010	99.958
174	0.009	99.958
175	0.009	99.972
176	0.009	99.964
177	0.009	99.970
178	0.009	99.966
179	0.009	99.960
180	0.009	99.966
181	0.009	99.958
182	0.009	99.976
183	0.009	99.980
184	0.009	99.962
185	0.009	99.964
186	0.009	99.978
187	0.009	99.968
188	0.009	99.978
189	0.009	99.980
190	0.009	99.958
191	0.009	99.954
192	0.009	99.970
193	0.009	99.966
194	0.009	99.964
195	0.009	99.970
196	0.009	99.962
197	0.009	99.966
198	0.009	99.972
199	0.009	99.970
200	0.009	99.968
201	0.009	99.964
202	0.009	99.970
203	0.009	99.964
204	0.009	99.980
205	0.009	99.972
206	0.009	99.972
207	0.009	99.974
208	0.009	99.966
209	0.009	99.978
210	0.009	99.982
211	0.009	99.968
212	0.009	99.962
213	0.009	99.966
214	0.009	99.976
215	0.009	99.964
216	0.009	99.974
217	0.009	99.976
218	0.009	99.966
219	0.009	99.978
220	0.009	99.972
221	0.009	99.962
222	0.009	99.972
223	0.009	99.968
224	0.009	99.970
225	0.009	99.960
226	0.009	99.978
227	0.009	99.970
228	0.009	99.966
229	0.009	99.966
230	0.009	99.976
231	0.009	99.970
232	0.009	99.970
233	0.009	99.962
234	0.009	99.972
235	0.009	99.972
236	0.009	99.962
237	0.009	99.974
238	0.009	99.962
239	0.009	99.964
240	0.009	99.968
241	0.009	99.970
242	0.009	99.970
243	0.009	99.972
244	0.009	99.964
245	0.009	99.968
246	0.009	99.976
247	0.009	99.980
248	0.009	99.970
249	0.009	99.978
250	0.009	99.962
251	0.009	99.968
252	0.009	99.962
253	0.009	99.968
254	0.009	99.984
255	0.009	99.966
256	0.009	99.980
257	0.009	99.960
258	0.009	99.980
259	0.009	99.972
260	0.009	99.974
261	0.009	99.964
262	0.009	99.966
263	0.009	99.966
264	0.009	99.978
265	0.009	99.976
266	0.009	99.970
267	0.009	99.970
268	0.009	99.962
269	0.009	99.968
270	0.009	99.968
271	0.009	99.960
272	0.009	99.964
273	0.009	99.966
274	0.009	99.968
275	0.009	99.962
276	0.009	99.980
277	0.009	99.976
278	0.009	99.974
279	0.009	99.970
280	0.009	99.966
281	0.009	99.970
282	0.009	99.984
283	0.009	99.978
284	0.009	99.972
285	0.009	99.976
286	0.009	99.970
287	0.009	99.960
288	0.009	99.960
289	0.009	99.958
290	0.009	99.970
291	0.009	99.970
292	0.009	99.976
293	0.009	99.968
294	0.009	99.980
295	0.009	99.974
296	0.009	99.966
297	0.009	99.962
298	0.009	99.984
299	0.009	99.984
